image: map2016.png
resolution: 0.0010000
origin: [-1.500, 0.000, 0.000000]
negate: 0
occupied_thresh: 0.65
free_thresh: 0.196

